35,35
17
1,1
1,1
1,22
3,2
2,6,1
2,8,1,3
2,1,5,11,7
2,2,14,5
2,31
2,25,5
2,5,14,5
2,5,4,1,1,1,9
2,5,2,1,1,1,1,1,1,1
2,5,2,1,1,1,1,1,4
2,5,2,1,1,1,1,1,1,1
2,5,2,1,1,1,1,1,4
2,5,2,1,1,1,1,1,1,1
2,5,2,1,1,1,1,1,4
2,5,2,1,1,1,1,1,1,1
2,5,1,2,1,1,1,1,1,4
2,5,1,2,1,1,1,1,1,1,1
2,5,5,1,1,1,9
2,5,14,5
2,25,5
2,31
2,2,14,5
2,1,5,11,7
2,8,1,3
2,6,1
3,2
1,22
1,1
1,1
17 /////////
35
1,27,1
1,2,2,1
1,1,15,1,1
1,1,17,1,1
1,1,17,1,1
1,1,19,1,1
1,1,23,1,1
1,1,2,2,2,2,1,1
1,1,3,2,2,3,1,1
1,1,3,2,2,3,1,1
1,1,3,2,2,3,1,1
1,1,3,2,2,2,3,1,1
1,1,3,2,1,1,2,3,1,1
1,1,1,19,1,1,1
1,1,21,1,1
4,6,6,4
1,21,1
1,5,5,1
1,21,1
1,5,5,1
1,21,1
1,5,5,1
2,21,2
8,8
21
5,5
21
2,1,1,1,1,1,1,1,1,2
2,1,1,1,1,1,1,1,1,2
23
6,6
6,6
6,6
4,4
Van
humen time: 11:20
too many vars
almost 2 million


25, 35
1, 1, 5, 5, 3, 1
1, 1, 2, 1, 5, 2, 3, 1
1, 1, 2, 7, 5, 3
1, 1, 3, 4, 3, 1, 3, 1
1, 1, 1, 3, 4, 1
1,1,1,1,1,2,2,3,2
3,1,2,1,2,2,5
2,7,9
1,1,5,8
1,1,1,6,7
1,1,2,5,2,1
2,1,2,3,2,1
4,3,4
2,1,3,2,4
4,2,3,3,1,1
5,1,4,3,1,2
5,2,4,2,5
6,2,2,2
7,7,3
10,4,1,2
6,2,1,3,1,1
6,1,2,2,1,2
6,3,3,4
4,8,1,3
3,6,1,2       /////
5,3
2,4
2,1,3,5
2,3,6,5
1,9
12
8
6
5,4
3,1,2,3
2,1,7,1,1,4
1,1,1,1,2
1,1,2,1
1,1,1,1
1,2,4
3,1
1,3
3,5,3
3,1,4,3
4,5,3
3,7,2
2,2,8,2
1,3,2,6,2
2,1,5,2
2,1,2,2,3
1,1,2,6
1,6,4,5
1,1,3,4,3
2,2,3,2,1
2,1,3,2
2,2,4,5,1,1
1,2,4,2,1,1,2,1
2,4,2,1,1,1,2
1,4,2,5,4
8,3,6,4
http://www.griddlers.net/griddlers/-/griddlers/161286
Hunted
too damn many vars... :(



35,35
17
1,1
1,1
1,22
3,2
2,6,1
2,8,1,3
2,1,5,11,7
2,2,14,5
2,31
2,25,5
2,5,14,5
2,5,4,1,1,1,9
2,5,2,1,1,1,1,1,1,1
2,5,2,1,1,1,1,1,4
2,5,2,1,1,1,1,1,1,1
2,5,2,1,1,1,1,1,4
2,5,2,1,1,1,1,1,1,1
2,5,2,1,1,1,1,1,4
2,5,2,1,1,1,1,1,1,1
2,5,1,2,1,1,1,1,1,4
2,5,1,2,1,1,1,1,1,1,1
2,5,5,1,1,1,9
2,5,14,5
2,25,5
2,31
2,2,14,5
2,1,5,11,7
2,8,1,3
2,6,1
3,2
1,22
1,1
1,1
17 /////////
35
1,27,1
1,2,2,1
1,1,15,1,1
1,1,17,1,1
1,1,17,1,1
1,1,19,1,1
1,1,23,1,1
1,1,2,2,2,2,1,1
1,1,3,2,2,3,1,1
1,1,3,2,2,3,1,1
1,1,3,2,2,3,1,1
1,1,3,2,2,2,3,1,1
1,1,3,2,1,1,2,3,1,1
1,1,1,19,1,1,1
1,1,21,1,1
4,6,6,4
1,21,1
1,5,5,1
1,21,1
1,5,5,1
1,21,1
1,5,5,1
2,21,2
8,8
21
5,5
21
2,1,1,1,1,1,1,1,1,2
2,1,1,1,1,1,1,1,1,2
23
6,6
6,6
6,6
4,4
Van
humen time: 11:20
too many vars
almost 2 million


15,15
1,2,1
6,1,1
7,1,1
2,3,1
1,2,3,1
1,4,3,1
1,2,1,3,1
1,1,4,1
2,3,2,2
2,3,1
5,2,1
4,2,1
1,3,2
4,3,2
1,1,2 //////
1,1
1,1
6,3
2,2,1,1
2,2,2,1
2,4,1,1
3,2,1,1,1
2,2,1,1,3
2,2,1,1
7,1,2
1,9,1
11,2
2
5
9

15, 15
3,2
7
4
2,2,1
3,1,1
1,3,2
2,1,4
2,1,2,3
1,1,2,2,1
35,18
4
9,1
5,5,2
3,2,2
2,2
2,3
1,13
1,15
1,13,1
2,1,3
3,1,2
2,3,2
10,2
6,3,1
4,3,1
2,3
4
3
4
4
3
3
3,3
5,3
3,2,2
3,2,2
3,2,1
4,2,2
5,2,2
5,1,3
6,3
6,2
6,3
6,4
10 /////////
6
3,4
3,1,4,4
3,2,3,6
2,2,4,8
2,3,4,10
3,3,3,3,7
2,3,3,3,5
2,7,2,4
3,3,3,2,3
2,3,3,2,2,2
2,3,4,5,1
1,3,5,3,1
2,3,5,2
1,3,6,3
5,6,6
6,4,7,7
6,7,9
Calligraphy: R
humen time: 11:32
time took: 1:1:38


20,25
7
12
14
17
6,6
2,5
22
1,3
22
2,2
1,2
1,2
2,2
2,2
2,2
3,2
4,2
4,2
6,3
7,4 //////
2
7
11
4,4
2,1,3
3,1,2
2,1,1,2
3,1,1,1
4,1,1,1
4,1,1
4,1,1
4,1,1
4,1,1
4,1,1
4,1,1
4,1,1,1
4,1,1,1
4,1,1,1
4,1,1,2
4,1,1,1
5,1,2
4,1,3
6,4
11
8
Calligraphy: C
humen time: 5:41


38,25
5
7
9
5,3,1
4,3,1
3,3,2
2,3,2
2,2,3
1,2,2
2,2,2,3
3,2,2
3,3,3
3,6,3
2,6,4
8,4
4,4
2,6,4
7,6
9,3,3
4,5,2,2
4,6,2,2
5,8,3,3
3,4,4,6
3,7,4
2,2,6
2,9
2,1,7
2,1,6
15
14,4
2,4,6
2,3,3,3
2,3,2,2
2,3,2,2
12,3,3
12,6
4,4
4 //////////
2
2
3,2
6,2
3,4,2,11
3,5,2,13
4,8,2,2,2,2
3,1,3,2,2,2,2
4,2,2,2,2,2
3,3,1,2,2,2
3,2,2,2,1,2,2
3,3,5,2,2,2
5,3,6,1,2,2
5,2,20
6,2,10,10
8,23
4,3,9,3
5,1,3,4,7,4,2
5,3,6,5,6
8,3,3,3,3,3
6,2,2,3,2,2
3,2,2,2,2,2
3,2,2,2,2,2
3,3,3,3
6,6
4,4
Forklifts
humen time: 20:37
0.5 million options

30,35
16
6
5,1
4
3,2,6
2,1,1,1
1,3,2,2,1
2,2,1,1
1,3,2,2,1
2,1,1,1,1
3,2,5
4
5,1
6
7
7,7
24
5
4,1,6,2,2,4
8,1,1,5
4,1,6,2,2,4
5
24
16
9
9
9
9
2,1
17 //////////
1
1
1
1
3
3
3
5
1,1
1,1,1
1,1
7
1,1
1,1,1,1
1,1,1,1
1,1,1,1
1,1,1,1
1,1,1,1
1,1,1,1,1,2
17,8
6,8,6,1
5,1,1,7,6,1
4,1,1,6,1,1,6,1
3,1,1,1,1,5,1,1,6,1
2,1,1,1,4,6,1
1,1,3,1,3,6,1
1,3,3,1,1,1,6,1
1,1,1,1,1,1,8
1,1,1,1,1,2,2,1
1,1,1,1,1,2,2,1
1,1,1,2,1,2,1
1,7,2,3,2,1
1,2,3,2,1
1,1,1,1,2,3,2,1
1,2,3,2,1
Church, Vrendenburg, South Africa
humen time: 9:48
450 MB
vars took 20 mins
stopped it of course


35,20
1,1,2,1
4,1,1
3,1,1,1
2,1,1,2,1
1,3,2,1
2,7,2
18
3,13
1,9,2
2,2,1,2
3,3,2,2
2,3,2,1,3
4,2,3
2,2,1,3
2,1,2,1,4
1,2,9
1,1,4
1,4
9
1,1,4
2,1,4
14
2,1,4
2,1,2,4
2,1,2,4
1,1,4
1,1,8
2,1,1,4
2,1,8
2,1,4
14
2,1,4
1,1,4
9
14 //////////////
1,1,1
1,1,2,1,1
2,4,1,2
2,2,2,4
3,1,2,1,1,2,2
5,1,4,2,2
3,1,3,2,2
1,7,2,2,2,2
1,6,2,14
14,1,1
6,2,1,2,1
4,1,1,1,2,1,1
6,8,3,5
2,1,1,1,1,1,1,1,1
2,1,1,1,1,1,1,1
2,1,1,1,1,1,1,1
2,21
2,24
30
35
tree and house
humen time: 11:14
nope, up to 3 million vars... :(

35,23
12
14
5,6
3,6
2,5
3,4
4,3
3,3
3,3
3,3
4,2
4,2
4,2
5,2
6,2
7,3
7,2
6,1
4,1
4,4
6,4
8,6
9,2,2
4,3,3,3
4,2,3
4,3,2
3,3,2
3,4,2
3,1,4,3
3,1,4,4
4,2,4,5
6,5,5
5,12
4,11
3,9 //////////
5,7
7,9
11,12
5,4,5,5
3,4,5,4
3,3,5,5
3,3,4,3
3,2,4
2,3,5,5
2,3,14
2,2,14
2,3,10
2,3,1,4
3,2,1,3
4,3,2,3
5,2,1,3
5,3,1,3
5,4,4
5,3,5
5,4,5
5,3,5,5
10,11
8,8
calligraphy: S
humen time : 11:19
program time: 7:18 - 6:40


25,35
3,10,14
2,5,3,14
1,5,2,9
5,1,1,1,7
4,1,1,1,1,7
5,1,3,1,7
6,1,1,1,7
8,1,1,1,7,1
9,1,2,6,1
10,2,6,2
11,2,2,2,2
12,4,1,4,3
13,2,1,4
14,2,3,6
18,11
16,12
33
34
17,9
4,9,7
5,3,6
6,12,5
27,5
29,4
30,3 ///////////
3,8,7
2,11,8
1,22
23
18,5
18,4
4,14,3
3,13,3
2,13,3
1,12,3
1,4,11,3
1,1,1,9,3
2,3,1,8,3
2,1,1,1,2,7,4
2,3,2,6,4
1,2,5,4
2,5,4
2,2,2,2,4
2,1,2,1,2,4
5,2,1,2,4
3,2,2,4
2,2,2,4
3,4,2,4
10,1,3,4
10,1,4,4
10,1,5,3
10,1,6,3
9,6,2
8,6,2
6,8,1
3,10
12
14
16
18
the girl next door
too long...


20,20
5,3
2,1,1
2,1,3
1,2,4
3,3,1,1,3
2,2,2,1,1,1
3,3,2,3
1,2,1,2,1,1,5
2,3,2,1,7
4,1,1,2,1
1,2,2,1,3
2,1,1,4,2
3,1,1,2
4,4,3
1,3,3,1,2
6,2,2,2,1
1,3,4,5
10,6
3,12
13 ////////
11
3,2,3,3
1,2,1,2,1,2
2,3,3,3
2,1,1,2,3
3,2,5,1
2,2,2,1
2,3,1,3,1
1,2,2,1,3
3,2,1,4
2,5,1,4
2,3,1,1,2
1,2,1,2,2
1,2,2,3,1,2
1,1,1,1,4,3
1,1,5,4
3,5,4
1,7,2,5
1,3,3,1,1,3
2,2,3,4

///////////
20,20
2,2,2,2
1,2,2,7
1,9
4,3,1
2,2,2,4
1,1,2,2,2
2,1,1,2,2,1
2,1,2,1,2,2
2,2,1,1,1
4,2,2,2,1
1,2,2,3,2
2,1,3,1
1,1,1,3,2
1,2,1,3,3
2,1,6
3,2,2,1
4,1
1,3,1
1,2,2,1,1,1
2,2,2,2 ///////
2,2
1,3,4,1
1,2,2,3,2,1
1,1,1,1,1,1
1,1,1,1,1,2,1
1,2,3,1,1,1
1,5,4,1,1
1,2,1
1,10,1
1,9,1
1,3,3,1
2,2,1
2,4,2,1
2,2,2,2,1
2,2,1,2,1
2,1,1,2,2,1
2,1,3,2,1
2,2,2,1
3,3,3,1
4,4,3
leafs
more then one solotion
/////////

20,20
3
5,5
2,2,2,1
2,2,1
1,3,2,5
1,2,7
2,5,9
4,10
11
11
11
1,12
3,12
7,12
13,1
11
19
7,6,2
4,1
2 /////
1,3,1,1
2,1,2,2
1,1,6
1,1,1,8
1,1,2,9
4,2,7
2,1,5,2
1,3
2,6
1,10
1,11
2,12
2,12
2,10,2
2,9,2
2,10,1
2,10,1
13,1
10,2
11,3
7 days, 4.9.2015
turnes out to be a cat :)

18,27
11
2,2,10
3,11
2,1,12,2
3,14,1
4,4,7
3,4,4,6
2,1,2,4,2,4,2
3,1,5,3,3,1
2,2,2,6,2,1,4
5,6,2,2,4
7,2,2,1
6,2,3
11
5,1
3
2
1 /////////
1,1
2,2
3,3
9
2,3,2
1,1,1,1,1
1,1,1
2,1,1,2
11
8
7,4
6,6
5,7
5,7
5,8
4,1,5
5,2,3
4,4,1
5,6
5,4
4,2,2
4,5
7,5
1,1,3,4
2,1,2
5,1,2
1,1
owl
human solving time: 00:08:39
/////////////////

30,30
17
4
3,3,2
3,3,5
3,3,9
2,3,11
2,3,10,1
2,3,3,5
6,2,1
5,3,8,1
12,3
3,3,2,2
3,2,1,2,2,1
2,3,3,2,3
6,3,2,3
1,3,2,1,3
4,2,2,3
4,2,2,1,3
4,2,1,5
4,2,2,2,2
4,1,1,2,1,3,1
6,3,1,2,2
5,1,1,1,2,2
6,1,4,2
5,1,4,3
4,2,2,2,2
3,2,1,2,2
5,1,3,2
3,1,2,2
5,2,2 ////
0
6
3,6
13
3,11
2,3,6
2,3,6
6,11
5,4,5
7,3,3
3,3,3,10
3,1,1,3,1,5
3,2,4,6,1
4,2,2,2,2,5
3,3,2,3,2
2,2,2,2,4,3
2,2,2,2,2,7
1,1,2,2,2,6
1,2,2,2,2,4
1,1,3,1,4
1,2,2,2,3
1,1,3,1,2
1,1,3,1,2
1,3,2,2
1,3,1,2
1,5,1,2
1,5,1,2,3
1,5,1,2,6
1,4,1,1,6
1,6,1,2,5
yorkshire
32% CPU
160 MB memory
http://www.griddlers.net/griddlers/-/griddlers/117308
running for an hour


18,27
11
2,2,10
3,11
2,1,12,2
3,14,1
4,4,7
3,4,4,6
2,1,2,4,2,4,2
3,1,5,3,3,1
2,2,2,6,2,1,4
5,6,2,2,4
7,2,2,1
6,2,3
11
5,1
3
2
1 /////////
1,1
2,2
3,3
9
2,3,2
1,1,1,1,1
1,1,1
2,1,1,2
11
8
7,4
6,6
5,7
5,7
5,8
4,1,5
5,2,3
4,4,1
5,6
5,4
4,2,2
4,5
7,5
1,1,3,4
2,1,2
5,1,2
1,1
owl

20,20
6
6,4
2,3
2,2
2,4,1
1,9
1,13
5,10
3,10
3,1,10
3,3,9
2,2,2,7
1,5,3
1,2,2
1,2,3
1,2,3,2
3,9
5,10
4,12
8 ////////
2
4
9,3
2,2,4
2,1,3
2,2,2
2,2,2,1
1,2,3,2,1
1,2,1,2,1
1,3,2
1,6,2,4
2,9,6
1,7,8
1,16
2,8,4
12,4
4,6,5
2,7,5
7,3
6
panda

20,20
11
6,1
5,5,2
1,13
1,3,11
3,3,5
1,1,1,4
1,2,3
1,3,1,2
1,3,1,1
1,1
1,1
1
1,1
2,2
3,5
1,3,3,1
1,1,7
2,2,4
6  ////////
4,4
1,11,2
1,1,2,2,1
1,1,1,1
1,3,1
2,1,1
2,1,2
4,1,2,1,3
5,2,1
5,2,2
6,2
1,6,3
1,3,3,2
4,3
3,2
3,2
8,2
5,2
4,2
2,2
koala

20,20
14
16
3,3
2,5
2,3,2
2,1,3,2
2,3,3,2
2,4,3,2
2,6,2
2,4,2
2,5,2
2,7,1,2
2,3,5,2
2,3,3,2
2,3,1,1,1,2
2,3,1,1,2
4,1,3
3,3
16
14      //////
14
16
2,3
3,5
2,2,2
2,1,3,2
2,2,3,2
2,3,3,2
2,7,2
2,5,2
2,5,2
2,7,1,2
2,3,5,2
2,3,3,2
2,3,1,1,1,2
2,3,1,1,2
5,1,3
3,3
16
14
stop drugs

20,20
2,1
2,2,1
1,1
3,1
3,2,1
3,4,1
5,5,1
5,6,1
4,3,2
4,3,2,1,1
3,7,2,2,1
9,5
16
2,4,6
2,1,5,1
2,1,4,1
2,2,1,1,1
6,1,1,1
4,2,2,1
6,1  ///////
4
6,4
6,6
6,2,2
2,1,2
5,2
7,2
11
3,4
1,4,4,3
1,10,2
11,1
2,1,3,1
2,1,5,1
1,2,4,1
5,2
9
6
2
8,3,6
mouse

20,30
11
13,6
13,7
12,7
15,8
1,3,6,9
3,2,4,6
3,5,3,6,7
4,1,6,6,6
4,1,6,5,6
4,2,1,2,4,4,6
3,4,2,3,4,6
3,1,1,2,3,4,6
3,1,1,3,4,6
3,4,2,2,3,4
2,10,3,2,8
6,5,2,8
10,2,3,6
9,4,5
7,4    ///////////
8
4,12
4,9,4
5,5,5
5,1,3,5
6,3,1,6
6,1,2,6
6,1,2,2,3
5,2,2,3
5,2,1,1,1,2
5,1,2,1
5,9
6,6,3
3,2,3,3
1,2,4,2,1
3,9,1
3,7,2
4,4,2
4,4
9
8
9
3,6,2
6,3
17
18
19
5,7,5
5,7,5
5,7,5
cartoon dog

20,20
20
20
5,13
5,11
6,9
7,7
7,4
5,3
3,2
2,3,1
1,4,1
2,3,1
4,1
6,1
8,2
6,5,2
6,4,3
5,4,4
5,13
20 ///////
20
10,9
9,8
8,8
8,1,1,7
2,3,1,1,4,1
2,2,1,1,1,1
3,1,2
3,1,2
4,1,3
4,1,5
5,1,5
5,5
6,2,2
6,1,2
6,2
7,3
8,4
9,6
20
ghost

15, 15
2, 4
2, 3, 1
3, 2, 2
3, 3, 2
2, 2
3, 2
1, 6
3, 8
1, 7, 1
1, 3, 1
1, 1, 5
2, 1, 3
5, 5
2, 6, 1
7, 3, 3
4, 3, 2
4, 2
2, 1
1, 2
1, 1, 3
8, 4
6, 1, 4
2, 1, 1, 2, 2
8
4, 1
5, 1, 1
3, 1, 1
3, 3, 1
6, 3, 1
14

6, 8
1, 2
2, 1, 1
5, 1
1, 1
2, 1
1, 1, 3
1
2, 2
1, 1
1, 1, 1
3
1, 2
1, 1
4, 1

25, 35
1, 1, 5, 5, 3, 1
1, 1, 2, 1, 5, 2, 3, 1
1, 1, 2, 7, 5, 3
1, 1, 3, 4, 3, 1, 3, 1
1, 1, 1, 3, 4, 1
1,1,1,1,1,2,2,3,2
3,1,2,1,2,2,5
2,7,9
1,1,5,8
1,1,1,6,7
1,1,2,5,2,1
2,1,2,3,2,1
4,3,4
2,1,3,2,4
4,2,3,3,1,1
5,1,4,3,1,2
5,2,4,2,5
6,2,2,2
7,7,3
10,4,1,2
6,2,1,3,1,1
6,1,2,2,1,2
6,3,3,4
4,8,1,3
3,6,1,2       /////
5,3
2,4
2,1,3,5
2,3,6,5
1,9
12
8
6
5,4
3,1,2,3
2,1,7,1,1,4
1,1,1,1,2
1,1,2,1
1,1,1,1
1,2,4
3,1
1,3
3,5,3
3,1,4,3
4,5,3
3,7,2
2,2,8,2
1,3,2,6,2
2,1,5,2
2,1,2,2,3
1,1,2,6
1,6,4,5
1,1,3,4,3
2,2,3,2,1
2,1,3,2
2,2,4,5,1,1
1,2,4,2,1,1,2,1
2,4,2,1,1,1,2
1,4,2,5,4
8,3,6,4
http://www.griddlers.net/griddlers/-/griddlers/161286
Hunted
too damn many vars... :(

2,2
1
1
1
1
unsolvable