83 66
2 2
2 2
8
8
2 2
2 2

8
8
2
2
8
8

8
8
8 2 2
14 2 2
4 22 8
5 7 15 6
6 9 16
6 29 2 2
38 2 2
18 8 3 8 6
5 6 4 4 8 8
5 4 9 2 2 2 2
9 9 2 2 2 2
7 8 2 2
4 8 6 2 2
2 8 7
8 3 2 6
8 3 2 8
8 7 2 2
8 6 2 2
8 8
8 8 6
8 8
8 2 8
8 2 8
16 2
3 11 2
3 3 2
8 6 2
8 7
8 3 2 2
8 3 2 2
8 7 8
8 6 8
8 2
8 8 2
8 8
8 2 2 3 2
2 8 2 2 5 2
4 8 5 2 2 2
7 8 3 2 2 2
9 8 2 5
5 4 9 6 2 3
5 6 9 8
18 4 4 2 2
19 8 3 2 2
6 30 8
6 28 6
5 7 16
4 5 16 8
20 8
13 2
8 2
2
2

2 2
2 2
8
8
2 2
2 2

3 2
5 2
2 2 2
2 2 2
2 5
2 3
7 7
9 9
11 11
12 12
12 12
6 3 3 6
2 2 2 2
6 6
6 6
6 6
6 6
6 6
6 6
6 6
6 6
6 7
7 7
7 8
3 2 3 3
3 2 2 3
7 7
7 7
7 7
7 7
7 7
7 7
7 7
7 7
7 7
7 7
7 7
7 7
8 8
9 9
5 3 3 5
3 4 4 4
10 10
10 10
11 11
12 12
14 14
31
27
25
9 10
8 9
15
11
5
6 2 2 5 6 2 2 2 2 5 4 2 6 5
6 3 2 6 6 4 3 2 4 6 6 2 6 6
2 6 2 2 2 6 6 6 2 2 2 2 2 2 2
2 2 3 2 2 2 2 2 2 3 2 2 6 2 2 2 2 5
2 2 2 2 2 2 6 2 2 6 5 2 2 2 2 5
2 2 2 2 2 2 6 2 2 6 2 2 2 2 2 2
6 2 2 6 6 2 2 2 2 2 2 2 6 6 6 6
6 2 2 5 6 2 2 2 2 2 2 2 4 6 6 5

5 4 2 6 5
6 6 2 6 6
2 2 2 2 2 2
2 2 2 2 2 5
2 2 2 2 2 5
2 2 2 2 2 2
6 6 6 2 6
5 4 6 2 5
