41 41
35
39
2 2
2 33 2
2 35 2
2 17 14 2
2 17 14 2
2 16 14 2
2 9 6 5 6 2
2 8 4 4 5 2
2 7 4 2
2 8 4 5 2
2 8 9 5 2
2 9 12 6 2
2 9 14 6 2
2 9 15 6 2
2 27 6 2
2 2 3 3 2
2 2 4 1 2
2 2 4 1 2
2 2 4 1 2
2 2 4 1 2
2 2 3 4 2
2 10 12 6 2
2 9 9 6 2
2 8 8 6 2
2 6 5 6 2
2 5 3 5 2
2 4 1 4 2
2 2 3 2 4 2
2 2 6 1 5 2
2 2 8 4 6 2
2 2 11 11 2
2 2 14 11 2
2 3 16 12 2
2 35 2
2 35 2
2 33 2
2 2
39
36
35
39
2 2
2 33 2
2 35 2
2 14 6 4 2
2 14 6 3 2
2 14 5 3 2
2 14 4 4 2
2 14 3 5 2
2 7 6 3 6 2
2 6 4 2 6 2
2 5 1 1 7 2
2 6 1 8 2
2 6 1 9 2
2 7 3 9 2
2 7 4 9 2
2 7 4 8 2
2 7 5 1 8 2
2 4 5 1 7 2
2 2 6 2 6 2
2 2 6 3 5 2
2 2 6 3 5 2
2 2 6 4 4 2
2 5 5 5 3 2
2 7 5 5 3 2
2 7 5 6 4 2
2 7 14 1 7 2
2 7 12 9 2
2 6 9 7 2
2 5 4 7 2
2 5 6 2
2 6 4 4 7 2
2 7 6 5 8 2
2 14 16 2
2 15 16 2
2 15 16 2
2 33 2
2 3
39
35
