30 30
* Vertical
3 1 2 2
2 2 3 2
2 2 2 2
2 2 1 2
2 2 2 7
2 2 2 6
2 2 2 4
3 1 2 2
4 2 2 2
3 2 2 7
* 10
4 6
5 1 2 4
2 1 3 3 8 5
4 20
2 22
2 22
4 20
2 1 22
3 5 11
4 16
* 20
3 3 1 3 3
2 2 1 2
2 2 2 2
2 2 2 4
2 2 2 6
2 1 3 7
2 2 3 3
2 1 2 2
2 2 1 2
2 2 2 2
* Horizontal
1 1
1 1 1 1
2 2 1 1 2 2
5 1 1 1 1 4
2 3 1 6 1 2 2
2 2 2 4 2 2 2
1 2 3 3 2 2
1 2 2 2 2 1 1
2 10 2 2
4 2 7 5
* 10
2 3 1 8 2 3
2 3 10 2
2 2 8 1
4 2 7 3
7 6 8
3 12 2
2 18 3
2 5 8 3 3
2 2 2 9 2 1
2 2 9 2
* 20
2 2 9 2
2 1 8 2
2 2 7 2
2 10 2
1 8 1
1 8 2
3 6 3
3 6 3
2 2 2
1 1
