39 38
4
13
18
21
24
11 12
8 9
6 8
4 6 7
2 11 6
14 6
17 6
18 5
4 18 6
8 17 5
10 17 5
11 16 6
12 15 5
12 5
12 5
12 5
12 14 5
12 15 5
10 16 5
8 16 5
6 17 5
17 5
17 5
15 6
1 12 6
3 8 7
5 7
8 8
11 10
25
22
19
15
9
7
9
11
12
13
2 13 2
4 13 4
6 13 5
7 12 7
6 11 7
6 2 9 1 6
5 3 6 3 6
6 5 4 6
5 7 6 5
5 8 7 6
5 9 9 6
5 10 10 5
5 10 10 5
5 10 10 5
5 10 10 5
6 10 10 5
5 10 10 5
5 9 10 6
5 9 9 5
6 8 9 5
5 8 8 6
6 7 7 5
6 6 6 6
6 5 5 6
6 3 3 7
8 7
9 8
11 10
25
23
19
13
7
